3.3e-07,-4.2505515630066e-06
3.33333333333333e-07,-3.02502689682525e-06
3.36666666666667e-07,-8.08600762439275e-07
3.4e-07,3.1968625315132e-06
3.43333333333333e-07,-1.43923693703837e-06
3.46666666666667e-07,-2.64937262736211e-06
3.5e-07,-5.79735972974446e-06
3.53333333333333e-07,-3.39573881020427e-06
3.56666666666667e-07,-2.25732566242507e-06
3.6e-07,1.51435778866893e-06
3.63333333333333e-07,-5.43122704858253e-06
3.66666666666667e-07,-7.64152147026799e-06
3.7e-07,-1.01336016954398e-05
3.73333333333333e-07,-1.32522361588711e-06
3.76666666666667e-07,4.46336868830156e-06
3.8e-07,-3.77659080010478e-07
3.83333333333333e-07,-9.78640902166005e-06
3.86666666666667e-07,-1.38117487270489e-05
3.9e-07,-1.12449231858133e-05
3.93333333333333e-07,-2.06487262177762e-06
3.96666666666667e-07,4.35780049660184e-06
4e-07,-2.18012471158253e-06
4.03333333333333e-07,-1.34313864122623e-05
4.06666666666667e-07,-1.70591942823521e-05
4.1e-07,-1.45501578658102e-05
4.13333333333333e-07,-2.60663659655869e-06
4.16666666666667e-07,4.86671130763443e-06
4.2e-07,-2.84121692367476e-06
4.23333333333333e-07,-1.84911509195312e-05
4.26666666666667e-07,-2.55833455404372e-05
4.3e-07,-1.94623261413258e-05
4.33333333333333e-07,-4.77973454816329e-06
4.36666666666667e-07,1.07632208039194e-05
4.4e-07,-5.15445448968202e-06
4.43333333333333e-07,-2.70214334326497e-05
4.46666666666667e-07,-3.86498387867182e-05
4.5e-07,-2.5715845126913e-05
4.53333333333333e-07,1.36946466968202e-06
4.56666666666667e-07,1.6946178636798e-05
4.6e-07,-3.26187558342852e-06
4.63333333333333e-07,-4.16639483509116e-05
4.66666666666667e-07,-5.41282777966011e-05
4.7e-07,-3.08327159998007e-05
4.73333333333333e-07,1.11562981068363e-05
4.76666666666667e-07,2.7134104728877e-05
4.8e-07,-9.47332088271624e-07
4.83333333333333e-07,-5.017599358764e-05
4.86666666666667e-07,-7.41535947615474e-05
4.9e-07,-4.40196162054434e-05
4.93333333333333e-07,1.33332379775083e-05
4.96666666666667e-07,4.82301574375179e-05
5e-07,2.18219461347403e-05
5.03333333333333e-07,-5.17092342908541e-05
5.06666666666667e-07,-0.000112128079980551
5.1e-07,-9.63729176124153e-05
5.13333333333333e-07,4.00403739237879e-06
5.16666666666667e-07,0.00011463301663215
5.2e-07,0.000132797514771444
5.23333333333333e-07,-1.09780617087476e-05
5.26666666666667e-07,-0.000270122584295676
5.3e-07,-0.00043987946009744
5.33333333333333e-07,-0.000187394476159637
5.36666666666667e-07,0.000818155165875686
5.4e-07,0.00270955435310791
5.43333333333333e-07,0.00524808665227401
5.46666666666667e-07,0.00776579605138985
5.5e-07,0.00937482391337763
5.53333333333333e-07,0.00937937876123284
5.56666666666667e-07,0.00766239395761802
5.6e-07,0.0048564975748678
5.63333333333333e-07,0.00208242664126128
5.66666666666667e-07,0.000429321620029085
5.7e-07,0.000351634980743096
5.73333333333333e-07,0.00145047526167349
5.76666666666667e-07,0.00263708566047756
5.8e-07,0.00272457115913057
5.83333333333333e-07,0.00105630935326141
5.86666666666667e-07,-0.00211463069569539
5.9e-07,-0.00578512540846825
5.93333333333333e-07,-0.00863461340464766
5.96666666666667e-07,-0.00972673726931598
6e-07,-0.00889583605314698
6.03333333333333e-07,-0.00677284131715866
6.06666666666667e-07,-0.00434781248789156
6.1e-07,-0.00241664719248843
6.13333333333333e-07,-0.00119623229597264
6.16666666666667e-07,-0.00035961022978018
6.2e-07,0.000568597856229081
6.23333333333333e-07,0.00173551028033802
6.26666666666667e-07,0.00286441871391454
6.3e-07,0.00345185613557959
6.33333333333333e-07,0.00322783784436154
6.36666666666667e-07,0.00240776136131862
6.4e-07,0.00160172268503076
6.43333333333333e-07,0.00140814317909254
6.46666666666667e-07,0.00201532584570104
6.5e-07,0.00313453757259059
6.53333333333333e-07,0.0041925218335547
6.56666666666667e-07,0.004707183563892
6.6e-07,0.00449867227319524
6.63333333333333e-07,0.0037136695988644
6.66666666666667e-07,0.00271382367955248
6.7e-07,0.00185234506649364
6.73333333333333e-07,0.00131284474525091
6.76666666666667e-07,0.00100142959388799
6.8e-07,0.000520393581974514
6.83333333333333e-07,-0.000627013575712654
6.86666666666667e-07,-0.00267041446527793
6.9e-07,-0.0052345659987311
6.93333333333333e-07,-0.00731848439350017
6.96666666666667e-07,-0.00783235268448665
7e-07,-0.00634275985430764
7.03333333333333e-07,-0.00348059746980587
7.06666666666667e-07,-0.000633935453927711
7.1e-07,0.000926735796054032
7.13333333333333e-07,0.000901096422374283
7.16666666666667e-07,7.11262087825389e-05
7.2e-07,-0.000396389708319589
7.23333333333333e-07,0.000136937427003513
7.26666666666667e-07,0.0013723736765257
7.3e-07,0.00249935528798774
7.33333333333333e-07,0.00297980062066518
7.36666666666667e-07,0.00298698110329925
7.4e-07,0.00309175383915649
7.43333333333333e-07,0.00360198614947765
7.46666666666667e-07,0.00419289526148126
7.5e-07,0.00422112493410871
7.53333333333333e-07,0.00337385852273197
7.56666666666667e-07,0.00197312869458127
7.6e-07,0.00065424065876439
7.63333333333333e-07,-0.000334423778919035
7.66666666666667e-07,-0.00135432310994901
7.7e-07,-0.00296911177581881
7.73333333333333e-07,-0.00520304937889986
7.76666666666667e-07,-0.00729498203704442
7.8e-07,-0.00819336190433247
7.83333333333333e-07,-0.00743455842192519
7.86666666666667e-07,-0.0054945528228691
7.9e-07,-0.00333694298220776
7.93333333333333e-07,-0.00151713178118346
7.96666666666667e-07,0.000123437520665131
8e-07,0.00203788356619081
8.03333333333333e-07,0.0041126835977844
8.06666666666667e-07,0.00554298629707693
8.1e-07,0.00554486028893228
8.13333333333333e-07,0.0043611393920418
8.16666666666667e-07,0.00343452922058262
8.2e-07,0.00431724406801278
8.23333333333333e-07,0.00714645942549452
8.26666666666667e-07,0.0101564975147146
8.3e-07,0.0108155052344427
8.33333333333333e-07,0.00787366375875192
8.36666666666667e-07,0.00257482734339712
8.4e-07,-0.0021073559863268
8.43333333333333e-07,-0.00374090825631606
8.46666666666667e-07,-0.00217525916688618
8.5e-07,0.000488230991566954
8.53333333333333e-07,0.00176408314412724
8.56666666666667e-07,0.000724801913850846
8.6e-07,-0.00153543144537427
8.63333333333333e-07,-0.00323827126266537
8.66666666666667e-07,-0.00361786214934383
8.7e-07,-0.00338989921652324
8.73333333333333e-07,-0.00377879286033348
8.76666666666667e-07,-0.00497795568919336
8.8e-07,-0.00580600109511759
8.83333333333333e-07,-0.00481090184571745
8.86666666666667e-07,-0.00184303889509654
8.9e-07,0.00160311810643441
8.93333333333333e-07,0.00352240390621494
8.96666666666667e-07,0.00316490946085778
9e-07,0.00169573429889132
9.03333333333333e-07,0.00108416924076049
9.06666666666667e-07,0.0022425649855967
9.1e-07,0.00415085671208371
9.13333333333333e-07,0.00477790068611886
9.16666666666667e-07,0.00303322190996943
9.2e-07,-9.34313136363612e-05
9.23333333333333e-07,-0.00222567731366609
9.26666666666667e-07,-0.00160930099414836
9.3e-07,0.00135367046585832
9.33333333333333e-07,0.00430996930763233
9.36666666666667e-07,0.00483246286104799
9.4e-07,0.00224726513559413
9.43333333333333e-07,-0.00198783200669126
9.46666666666667e-07,-0.00560572066225418
9.5e-07,-0.00732505357613347
9.53333333333333e-07,-0.00756087091984635
9.56666666666667e-07,-0.00765567350683987
9.6e-07,-0.00845577024610535
9.63333333333333e-07,-0.00954967007285141
9.66666666666667e-07,-0.00974100892945414
9.7e-07,-0.00821720069367443
9.73333333333333e-07,-0.00528387217305378
9.76666666666667e-07,-0.00209221308906503
9.8e-07,0.000288413216312515
9.83333333333333e-07,0.00153609733689727
9.86666666666667e-07,0.0020489554340028
9.9e-07,0.00235183310063928
9.93333333333333e-07,0.00271673974503562
9.96666666666667e-07,0.00314230765643274
1e-06,0.00367570969667173
1.00333333333333e-06,0.00437838178098587
1.00666666666667e-06,0.00507519025656508
1.01e-06,0.00515224339885268
1.01333333333333e-06,0.00386484896349143
1.01666666666667e-06,0.00101506358734857
1.02e-06,-0.00249376267508273
1.02333333333333e-06,-0.00507043311546146
1.02666666666667e-06,-0.0055037891909901
1.03e-06,-0.0039893605207454
1.03333333333333e-06,-0.00199415740525426
1.03666666666667e-06,-0.00116373411724974
1.04e-06,-0.00204514487188546
1.04333333333333e-06,-0.00376813950529516
1.04666666666667e-06,-0.00500494143452427
1.05e-06,-0.0052041006891296
1.05333333333333e-06,-0.00498068483325565
1.05666666666667e-06,-0.00532920532578342
1.06e-06,-0.00636277315316764
1.06333333333333e-06,-0.00696225499813557
1.06666666666667e-06,-0.00568901274356795
1.07e-06,-0.00226035111170969
1.07333333333333e-06,0.0019068789092471
1.07666666666667e-06,0.00466890442850168
1.08e-06,0.00487902791845905
1.08333333333333e-06,0.0033832766626798
1.08666666666667e-06,0.00226975383142278
1.09e-06,0.00302258216415128
1.09333333333333e-06,0.00522439710128915
1.09666666666667e-06,0.00692018026934966
1.1e-06,0.00636351308741405
1.10333333333333e-06,0.0035520428844931
1.10666666666667e-06,0.000246170294383431
1.11e-06,-0.0015408331108495
1.11333333333333e-06,-0.00121381282876795
1.11666666666667e-06,9.6110997258396e-05
1.12e-06,0.000724224611568744
1.12333333333333e-06,8.46461483205281e-06
1.12666666666667e-06,-0.00119376886922517
1.13e-06,-0.00148833549937523
1.13333333333333e-06,-0.000394706243063522
1.13666666666667e-06,0.00105100501567059
1.14e-06,0.00120874798668826
1.14333333333333e-06,-0.00064575916363014
1.14666666666667e-06,-0.00352634492878466
1.15e-06,-0.00540669298950648
1.15333333333333e-06,-0.00482078601612933
1.15666666666667e-06,-0.00196543570324528
1.16e-06,0.00144809926205152
1.16333333333333e-06,0.00355814945281541
1.16666666666667e-06,0.00369179131626712
1.17e-06,0.00269348038403062
1.17333333333333e-06,0.00212656451446023
1.17666666666667e-06,0.0029952667107994
1.18e-06,0.00502051744070186
1.18333333333333e-06,0.00687977422627698
1.18666666666667e-06,0.0071493676017968
1.19e-06,0.00522288478107624
1.19333333333333e-06,0.00166114517672859
1.19666666666667e-06,-0.00210765754353147
1.2e-06,-0.00454740837745335
1.20333333333333e-06,-0.00475572842670447
1.20666666666667e-06,-0.00284989606729851
1.21e-06,7.67016971033049e-05
1.21333333333333e-06,0.00248489750585121
1.21666666666667e-06,0.00314670671949578
1.22e-06,0.00176572393277705
1.22333333333333e-06,-0.000914534778025727
1.22666666666667e-06,-0.00352568613504562
1.23e-06,-0.00487448686930654
1.23333333333333e-06,-0.00456603809662695
1.23666666666667e-06,-0.00317513479170669
1.24e-06,-0.00177091971688437
1.24333333333333e-06,-0.00116329682621727
1.24666666666667e-06,-0.00140757059477264
1.25e-06,-0.00181031669647595
1.25333333333333e-06,-0.00146240902180854
1.25666666666667e-06,0.000137738310427578
1.26e-06,0.00275410789079864
1.26333333333333e-06,0.00556525557152907
1.26666666666667e-06,0.00759438591572368
1.27e-06,0.00827547157945196
1.27333333333333e-06,0.00764127232195539
1.27666666666667e-06,0.00619419943252289
1.28e-06,0.00458055593068647
1.28333333333333e-06,0.00324877045931696
1.28666666666667e-06,0.00234937422128738
1.29e-06,0.00176030720748705
1.29333333333333e-06,0.00121764363957775
1.29666666666667e-06,0.000424162497710328
1.3e-06,-0.000824181487349719
1.30333333333333e-06,-0.0025352126177776
1.30666666666667e-06,-0.0043833368814091
1.31e-06,-0.00579909497765418
1.31333333333333e-06,-0.00624212297161801
1.31666666666667e-06,-0.00552871485643235
1.32e-06,-0.00410890514048164
1.32333333333333e-06,-0.00285828508617646
1.32666666666667e-06,-0.00257415419119518
1.33e-06,-0.00338350778382233
1.33333333333333e-06,-0.00461402804465607
1.33666666666667e-06,-0.00515300205258059
1.34e-06,-0.0042350379991171
1.34333333333333e-06,-0.00197028869337401
1.34666666666667e-06,0.000718143623048385
1.35e-06,0.00269807897555156
1.35333333333333e-06,0.00335472582089354
1.35666666666667e-06,0.00287067524958784
1.36e-06,0.00198533465593623
1.36333333333333e-06,0.00145869770951711
1.36666666666667e-06,0.00163058311147949
1.37e-06,0.0023835771687356
1.37333333333333e-06,0.00337160115916425
1.37666666666667e-06,0.0042410942758715
1.38e-06,0.00465429294008835
1.38333333333333e-06,0.00430730027794507
1.38666666666667e-06,0.00299015940143651
1.39e-06,0.000876839696325413
1.39333333333333e-06,-0.00136919859525547
1.39666666666667e-06,-0.0028573775164317
1.4e-06,-0.00298805003755944
1.40333333333333e-06,-0.00198853291049122
1.40666666666667e-06,-0.000863384054959201
1.41e-06,-0.000713497545380107
1.41333333333333e-06,-0.00188513994555971
1.41666666666667e-06,-0.00360428129972058
1.42e-06,-0.00447026118934937
1.42333333333333e-06,-0.00346556989174545
1.42666666666667e-06,-0.000739366255910862
1.43e-06,0.00246126161809116
1.43333333333333e-06,0.0046700646191632
1.43666666666667e-06,0.00518465062359945
1.44e-06,0.00441086142748153
1.44333333333333e-06,0.00338307449763836
1.44666666666667e-06,0.00294706941924382
1.45e-06,0.00321950871666646
1.45333333333333e-06,0.0037243965601709
1.45666666666667e-06,0.00397243621032187
1.46e-06,0.00387808015852138
1.46333333333333e-06,0.00359240479914107
1.46666666666667e-06,0.00314881988502269
1.47e-06,0.00228918775082002
1.47333333333333e-06,0.000745928414455598
1.47666666666667e-06,-0.00129101005461996
1.48e-06,-0.00311346906807453
1.48333333333333e-06,-0.00395893740031869
1.48666666666667e-06,-0.00371312737276941
1.49e-06,-0.00312761171823387
1.49333333333333e-06,-0.00323437443276525
1.49666666666667e-06,-0.00441621279644133
1.5e-06,-0.00593770524036564
1.50333333333333e-06,-0.00640447137050271
1.50666666666667e-06,-0.00491528489007966
1.51e-06,-0.00188888298550045
1.51333333333333e-06,0.00115397728838521
1.51666666666667e-06,0.00263579471989797
1.52e-06,0.00211494864959246
1.52333333333333e-06,0.000512984397000293
1.52666666666667e-06,-0.000683277796562013
1.53e-06,-0.000554568119038176
1.53333333333333e-06,0.000708060321882455
1.53666666666667e-06,0.00214209870364988
1.54e-06,0.00289528452207695
1.54333333333333e-06,0.00283620407476773
1.54666666666667e-06,0.00246149965833741
1.55e-06,0.00227008845293746
1.55333333333333e-06,0.00226015572977899
1.55666666666667e-06,0.00197941918262856
1.56e-06,0.00101023542316701
1.56333333333333e-06,-0.00063461677057371
1.56666666666667e-06,-0.00246273674124111
1.57e-06,-0.003845604899637
1.57333333333333e-06,-0.00442994778620109
1.57666666666667e-06,-0.00429112680130104
1.58e-06,-0.00380714383397385
1.58333333333333e-06,-0.00340052978876533
1.58666666666667e-06,-0.00332798270661152
1.59e-06,-0.00353885771425734
1.59333333333333e-06,-0.00364944973334608
1.59666666666667e-06,-0.0030969353413319
1.6e-06,-0.00142161029498102
1.60333333333333e-06,0.00127983201316108
1.60666666666667e-06,0.00425469464103184
1.61e-06,0.00635014864964512
1.61333333333333e-06,0.00671662920290755
1.61666666666667e-06,0.00545384757294021
1.62e-06,0.00363350205079216
1.62333333333333e-06,0.00270794091019752
1.62666666666667e-06,0.00352994313365603
1.63e-06,0.00582340857385443
1.63333333333333e-06,0.00836996471771709
1.63666666666667e-06,0.00973317343021742
1.64e-06,0.00912668586836764
1.64333333333333e-06,0.0067136037063242
1.64666666666667e-06,0.00337726606420205
1.65e-06,0.000225804590913822
1.65333333333333e-06,-0.00186687070361372
1.65666666666667e-06,-0.00253139994143107
1.66e-06,-0.0020459030314321
1.66333333333333e-06,-0.00132897941537461
1.66666666666667e-06,-0.00164197161821413
1.67e-06,-0.00389597240569305
1.67333333333333e-06,-0.00789552313424335
1.67666666666667e-06,-0.0120486557327103
1.68e-06,-0.0140754911335218
1.68333333333333e-06,-0.0123859102749258
1.68666666666667e-06,-0.00736368959752394
1.69e-06,-0.00133736368103613
1.69333333333333e-06,0.00275339697965342
1.69666666666667e-06,0.003319290481792
1.7e-06,0.00110653460206869
1.70333333333333e-06,-0.0014104837814171
1.70666666666667e-06,-0.00192924769448491
1.71e-06,3.54400758104246e-05
1.71333333333333e-06,0.00292783298540894
1.71666666666667e-06,0.00451289017628106
1.72e-06,0.00366332276287073
1.72333333333333e-06,0.00120895091252869
1.72666666666667e-06,-0.000814760608567742
1.73e-06,-0.00076965569874473
1.73333333333333e-06,0.00143667429564718
1.73666666666667e-06,0.00439623139618956
1.74e-06,0.00634658439247729
1.74333333333333e-06,0.0063040869869671
1.74666666666667e-06,0.00444143202436239
1.75e-06,0.00159878969926683
1.75333333333333e-06,-0.00140601966233207
1.75666666666667e-06,-0.00406085019606426
1.76e-06,-0.006043915488967
1.76333333333333e-06,-0.00705099198159032
1.76666666666667e-06,-0.0069222226485834
1.77e-06,-0.00593271355150401
1.77333333333333e-06,-0.0048077471358205
1.77666666666667e-06,-0.00426915334926621
1.78e-06,-0.00438757127828984
1.78333333333333e-06,-0.00442209533857174
1.78666666666667e-06,-0.0033961636706401
1.79e-06,-0.0010746114449915
1.79333333333333e-06,0.00165554889215437
1.79666666666667e-06,0.00332705059010283
1.8e-06,0.00309054074268374
1.80333333333333e-06,0.00144690910759208
1.80666666666667e-06,-6.26614154543172e-05
1.81e-06,-6.69200063785022e-05
1.81333333333333e-06,0.00154681371396328
1.81666666666667e-06,0.00359659642209253
1.82e-06,0.00453867757878158
1.82333333333333e-06,0.00367148606228389
1.82666666666667e-06,0.00152451291137302
1.83e-06,-0.000740308205468142
1.83333333333333e-06,-0.00233022697540488
1.83666666666667e-06,-0.00326292207077706
1.84e-06,-0.00406147457849166
1.84333333333333e-06,-0.00502423896738057
1.84666666666667e-06,-0.00591330344868486
1.85e-06,-0.00620930847523863
1.85333333333333e-06,-0.00578699943160223
1.85666666666667e-06,-0.005148674376882
1.86e-06,-0.00505791062596565
1.86333333333333e-06,-0.00587493176399821
1.86666666666667e-06,-0.00715326258460332
1.87e-06,-0.0079373386935643
1.87333333333333e-06,-0.00740386498326985
1.87666666666667e-06,-0.00544807968737044
1.88e-06,-0.00272549933862308
1.88333333333333e-06,-0.000251609905409459
1.88666666666667e-06,0.00117557842669189
1.89e-06,0.00134377806522852
1.89333333333333e-06,0.000718515001218971
1.89666666666667e-06,0.000179726564836707
1.9e-06,0.000536071968832572
1.90333333333333e-06,0.00200809231953433
1.90666666666667e-06,0.0039601939997822
1.91e-06,0.0051821049965806
1.91333333333333e-06,0.00466439506893877
1.91666666666667e-06,0.00239505247965544
1.92e-06,-0.000476361470036324
1.92333333333333e-06,-0.00239279363543811
1.92666666666667e-06,-0.00258894261920703
1.93e-06,-0.00167934850222764
1.93333333333333e-06,-0.00117316995433552
1.93666666666667e-06,-0.00210893137985333
1.94e-06,-0.00409953436645133
1.94333333333333e-06,-0.00566957228906869
1.94666666666667e-06,-0.00555987613666869
1.95e-06,-0.00398473591532152
1.95333333333333e-06,-0.00249958012567907
1.95666666666667e-06,-0.00260883568255823
1.96e-06,-0.00425318874246503
1.96333333333333e-06,-0.00571969271769054
1.96666666666667e-06,-0.00510115619885664
1.97e-06,-0.00206639494693062
1.97333333333333e-06,0.00170944623995318
1.97666666666667e-06,0.00390732514819241
1.98e-06,0.00361345980779007
1.98333333333333e-06,0.00208605149709647
1.98666666666667e-06,0.00160241279928261
1.99e-06,0.00329062101035455
1.99333333333333e-06,0.00604946825126069
1.99666666666667e-06,0.00751545911876137
2e-06,0.00621209370623197
2.00333333333333e-06,0.00299880511786516
2.00666666666667e-06,0.000373847599935392
2.01e-06,0.000277591317705807
2.01333333333333e-06,0.00239189430983893
2.01666666666667e-06,0.00438767743541499
2.02e-06,0.00393939126545191
2.02333333333333e-06,0.000654453769899873
2.02666666666667e-06,-0.00373082421166035
2.03e-06,-0.00690450466168502
2.03333333333333e-06,-0.007839174969996
2.03666666666667e-06,-0.00735878626875809
2.04e-06,-0.00698522000059176
2.04333333333333e-06,-0.00743441910905759
2.04666666666667e-06,-0.00809276678494522
2.05e-06,-0.00781114838925015
2.05333333333333e-06,-0.00611818996833183
2.05666666666667e-06,-0.00358386672398746
2.06e-06,-0.00111665534966184
2.06333333333333e-06,0.00099791025280388
2.06666666666667e-06,0.0031776401913518
2.07e-06,0.00573295304444399
2.07333333333333e-06,0.00812363116491696
2.07666666666667e-06,0.00913224772947579
2.08e-06,0.00797381011306365
2.08333333333333e-06,0.00528240723950106
2.08666666666667e-06,0.00288707687969699
2.09e-06,0.00244189631530764
2.09333333333333e-06,0.0040443389593295
2.09666666666667e-06,0.00615634870673428
2.1e-06,0.00676800292552562
2.10333333333333e-06,0.00492566320543248
2.10666666666667e-06,0.0013055846264083
2.11e-06,-0.00249991394834744
2.11333333333333e-06,-0.00524508234388562
2.11666666666667e-06,-0.00669266893134807
2.12e-06,-0.00731451726006422
2.12333333333333e-06,-0.0075360784862249
2.12666666666667e-06,-0.00732547203948356
2.13e-06,-0.00647767264871799
2.13333333333333e-06,-0.00503441883231011
2.13666666666667e-06,-0.00342012328013772
2.14e-06,-0.0021093074283741
2.14333333333333e-06,-0.00124771816970494
2.14666666666667e-06,-0.000662181981688897
2.15e-06,-0.000233060720252299
2.15333333333333e-06,-0.000170337299488303
2.15666666666667e-06,-0.000740082118278775
2.16e-06,-0.00177959598159082
2.16333333333333e-06,-0.0025043537461131
2.16666666666667e-06,-0.00197082531242969
2.17e-06,0.00012659808229323
2.17333333333333e-06,0.00312038847162449
2.17666666666667e-06,0.00575470916899136
2.18e-06,0.00707826702476011
2.18333333333333e-06,0.00701783545075169
2.18666666666667e-06,0.00620761740475395
2.19e-06,0.0053118130299271
2.19333333333333e-06,0.00446615181738262
2.19666666666667e-06,0.00330564465460439
2.2e-06,0.00148934183645587
2.20333333333333e-06,-0.000836692586975527
2.20666666666667e-06,-0.00307380750987983
2.21e-06,-0.00453482406189373
2.21333333333333e-06,-0.00486660824258217
2.21666666666667e-06,-0.00414932768414501
2.22e-06,-0.00270746196158821
2.22333333333333e-06,-0.000983749433041483
2.22666666666667e-06,0.000556631223680939
2.23e-06,0.00147744956858474
2.23333333333333e-06,0.00159144165533253
2.23666666666667e-06,0.00111050442279335
2.24e-06,0.000608183096828079
2.24333333333333e-06,0.000651279011096535
2.24666666666667e-06,0.00141565815792907
2.25e-06,0.0026438621037094
2.25333333333333e-06,0.00391149970247254
2.25666666666667e-06,0.00504299290099323
2.26e-06,0.00602281871995524
2.26333333333333e-06,0.00671960161395298
2.26666666666667e-06,0.00661432799846681
2.27e-06,0.00519069465622974
2.27333333333333e-06,0.00257337792313617
2.27666666666667e-06,-0.000107411349152511
2.28e-06,-0.00134670344167083
2.28333333333333e-06,-0.000435243930612455
2.28666666666667e-06,0.00180326907207352
2.29e-06,0.00347524294278984
2.29333333333333e-06,0.00311096372422769
2.29666666666667e-06,0.000806066326012378
2.3e-06,-0.00189409138158045
2.30333333333333e-06,-0.003439317671705
2.30666666666667e-06,-0.0036130500500082
2.31e-06,-0.00350030021161925
2.31333333333333e-06,-0.00420386876800386
2.31666666666667e-06,-0.0054280813156868
2.32e-06,-0.0055736482618308
2.32333333333333e-06,-0.00334242968982674
2.32666666666667e-06,0.000643879357495099
2.33e-06,0.00392849518926424
2.33333333333333e-06,0.00410403271414065
2.33666666666667e-06,0.000996781176172351
2.34e-06,-0.00288074215986013
2.34333333333333e-06,-0.00426625165602266
2.34666666666667e-06,-0.00182547470744226
2.35e-06,0.00268248196064826
2.35333333333333e-06,0.00588389296540902
2.35666666666667e-06,0.00562757687876707
2.36e-06,0.00270438007842717
2.36333333333333e-06,2.65214087280957e-05
2.36666666666667e-06,6.45795701806188e-06
2.37e-06,0.00247041331283766
2.37333333333333e-06,0.00489762896652207
2.37666666666667e-06,0.004649351021033
2.38e-06,0.00120884667605874
2.38333333333333e-06,-0.0034840037701466
2.38666666666667e-06,-0.0066652575843966
2.39e-06,-0.00694683718694993
2.39333333333333e-06,-0.00511143907169453
2.39666666666667e-06,-0.00309779244182523
2.4e-06,-0.00223924278076229
2.40333333333333e-06,-0.00238627779157224
2.40666666666667e-06,-0.00247562725269641
2.41e-06,-0.00181970039635233
2.41333333333333e-06,-0.000694170111855287
2.41666666666667e-06,2.62681556696099e-05
2.42e-06,-8.46199495225814e-05
2.42333333333333e-06,-0.00055335491845991
2.42666666666667e-06,-0.000470258266355025
2.43e-06,0.000603012050646602
2.43333333333333e-06,0.00208329863663796
2.43666666666667e-06,0.00287701040212452
2.44e-06,0.00238215086288218
2.44333333333333e-06,0.00106713607040621
2.44666666666667e-06,0.000174103534070581
2.45e-06,0.000693825400060798
2.45333333333333e-06,0.002552704535491
2.45666666666667e-06,0.00459569635665853
2.46e-06,0.00540521244221876
2.46333333333333e-06,0.00429132162615425
2.46666666666667e-06,0.00179954114877486
2.47e-06,-0.000707826873390111
2.47333333333333e-06,-0.00195018162215668
2.47666666666667e-06,-0.00158906278219404
2.48e-06,-0.000398128121001146
2.48333333333333e-06,0.00033740202529317
2.48666666666667e-06,-0.00026380457687753
2.49e-06,-0.00203202976164147
2.49333333333333e-06,-0.00389662865197699
2.49666666666667e-06,-0.00460037948171422
2.5e-06,-0.00359030959090635
2.50333333333333e-06,-0.00141496225880545
2.50666666666667e-06,0.000704270035987706
2.51e-06,0.00180585866849471
2.51333333333333e-06,0.00184717569283325
2.51666666666667e-06,0.00164473592413694
2.52e-06,0.00214802289386167
2.52333333333333e-06,0.00358280365195509
2.52666666666667e-06,0.00520222817979149
2.53e-06,0.00595754937477725
2.53333333333333e-06,0.00533374398833472
2.53666666666667e-06,0.00376934326518664
2.54e-06,0.00225189552222293
2.54333333333333e-06,0.00145789459293774
2.54666666666667e-06,0.0012395497919817
2.55e-06,0.00090880884316634
2.55333333333333e-06,1.91168277428517e-05
2.55666666666667e-06,-0.00112934581120888
2.56e-06,-0.00173099170133591
2.56333333333333e-06,-0.0013100637159725
2.56666666666667e-06,-0.000360030448438717
2.57e-06,-0.000103883566988054
2.57333333333333e-06,-0.00155415091198834
2.57666666666667e-06,-0.00455075180261246
2.58e-06,-0.00767218880143659
2.58333333333333e-06,-0.00910411859675095
2.58666666666667e-06,-0.0079069637957842
2.59e-06,-0.0046399661074384
2.59333333333333e-06,-0.000921051625064698
2.59666666666667e-06,0.00167178241380911
2.6e-06,0.00256084573375228
2.60333333333333e-06,0.00223823887748536
2.60666666666667e-06,0.00165824848211456
2.61e-06,0.00148228307651942
2.61333333333333e-06,0.00180104890956417
2.61666666666667e-06,0.00239718835903645
2.62e-06,0.00312693331332901
2.62333333333333e-06,0.00405874821190799
2.62666666666667e-06,0.00516871320009812
2.63e-06,0.00602358166156467
2.63333333333333e-06,0.00586907921019591
2.63666666666667e-06,0.00414416334490458
2.64e-06,0.00103829873445529
2.64333333333333e-06,-0.00236354102847261
2.64666666666667e-06,-0.00466292509532154
2.65e-06,-0.0050337409060187
2.65333333333333e-06,-0.0037529593771477
2.65666666666667e-06,-0.00202112550739399
2.66e-06,-0.00108087367912139
2.66333333333333e-06,-0.00137662656292542
2.66666666666667e-06,-0.00229522619291016
2.67e-06,-0.00270171895753276
2.67333333333333e-06,-0.00190842118600596
2.67666666666667e-06,-0.000178005561906335
2.68e-06,0.00151438066671275
2.68333333333333e-06,0.00237897877872052
2.68666666666667e-06,0.00248387944423976
2.69e-06,0.00271102249585622
2.69333333333333e-06,0.00390377833186483
2.69666666666667e-06,0.00602915127761855
2.7e-06,0.00795515955199453
2.70333333333333e-06,0.00828462070435758
2.70666666666667e-06,0.00649496012133955
2.71e-06,0.00347947799914901
2.71333333333333e-06,0.00101158815976614
2.71666666666667e-06,0.00043466575420236
2.72e-06,0.00163673403634285
2.72333333333333e-06,0.00314277303777643
2.72666666666667e-06,0.00324038588373063
2.73e-06,0.00120637722558325
2.73333333333333e-06,-0.00224952693766994
2.73666666666667e-06,-0.00559751353546428
2.74e-06,-0.00755760823064863
2.74333333333333e-06,-0.00771972562979669
2.74666666666667e-06,-0.00648725425742716
2.75e-06,-0.00454728361958595
2.75333333333333e-06,-0.00251448190364022
2.75666666666667e-06,-0.000924459261738804
2.76e-06,-0.000391826163791989
2.76333333333333e-06,-0.00130000265781904
2.76666666666667e-06,-0.00335376548381246
2.77e-06,-0.00542488468590255
2.77333333333333e-06,-0.00611011511917727
2.77666666666667e-06,-0.00475744549054764
2.78e-06,-0.00211275823931718
2.78333333333333e-06,0.000143497150717841
2.78666666666667e-06,0.000732326449361981
2.79e-06,-0.000116563966964364
2.79333333333333e-06,-0.000795829810057521
2.79666666666667e-06,0.000313907544001729
2.8e-06,0.00336715633897919
2.80333333333333e-06,0.00684316915436125
2.80666666666667e-06,0.0087632735880886
2.81e-06,0.00833010528909538
2.81333333333333e-06,0.00652833780841069
2.81666666666667e-06,0.00509039011995924
2.82e-06,0.00485177537690892
2.82333333333333e-06,0.00493438011950442
2.82666666666667e-06,0.00358777033894768
2.83e-06,-8.47137779098952e-05
2.83333333333333e-06,-0.00505645842245339
2.83666666666667e-06,-0.00894617714394279
2.84e-06,-0.00979732567428819
2.84333333333333e-06,-0.00755888876790751
2.84666666666667e-06,-0.00398556103210734
2.85e-06,-0.00124084663111075
2.85333333333333e-06,-0.000362949361082441
2.85666666666667e-06,-0.000874108829373327
2.86e-06,-0.0015854348086651
2.86333333333333e-06,-0.00168281721148813
2.86666666666667e-06,-0.00117728386129419
2.87e-06,-0.000446689711046216
2.87333333333333e-06,0.000370480992219452
2.87666666666667e-06,0.00141088845473003
2.88e-06,0.00271658080467782
2.88333333333333e-06,0.00380830098691361
2.88666666666667e-06,0.00397477916028342
2.89e-06,0.00297618332693413
2.89333333333333e-06,0.00152415193848484
2.89666666666667e-06,0.000832822075193147
2.9e-06,0.00164900457240902
2.90333333333333e-06,0.00348454404952653
2.90666666666667e-06,0.00490204768095791
2.91e-06,0.00461470094797134
2.91333333333333e-06,0.00245780906014837
2.91666666666667e-06,-0.000514519656664055
2.92e-06,-0.00290692799075309
2.92333333333333e-06,-0.00400751734831993
2.92666666666667e-06,-0.00413657016914445
2.93e-06,-0.00410046441052931
2.93333333333333e-06,-0.00433677487476364
2.93666666666667e-06,-0.00457988043310442
2.94e-06,-0.00426622320930131
2.94333333333333e-06,-0.00315634344412579
2.94666666666667e-06,-0.00166229353439584
2.95e-06,-0.000502621183241622
2.95333333333333e-06,-2.14157282723154e-05
2.95666666666667e-06,0.000147708812030747
2.96e-06,0.000737175710342606
2.96333333333333e-06,0.00224092416635231
2.96666666666667e-06,0.00443116327886184
2.97e-06,0.00644450831962728
2.97333333333333e-06,0.0073279414431139
2.97666666666667e-06,0.00664249493336932
2.98e-06,0.00466615684148834
2.98333333333333e-06,0.00227794361770535
2.98666666666667e-06,0.000531212772995315
2.99e-06,0.000202246548130053
2.99333333333333e-06,0.00137106469737571
2.99666666666667e-06,0.0033007063826268
