3.3e-07,3.63205749904838e-06
3.33333333333333e-07,5.7003892818849e-06
3.36666666666667e-07,2.59441440312323e-07
3.4e-07,-5.42451331760109e-06
3.43333333333333e-07,-4.89451714153273e-06
3.46666666666667e-07,3.53134802066299e-06
3.5e-07,1.59522226567748e-05
3.53333333333333e-07,1.29848136007251e-05
3.56666666666667e-07,-6.72806236906019e-06
3.6e-07,-1.66506747900979e-05
3.63333333333333e-07,-1.07357410775457e-05
3.66666666666667e-07,1.72878649239596e-05
3.7e-07,2.95285041108394e-05
3.73333333333333e-07,1.86102235214956e-05
3.76666666666667e-07,-1.48276308639908e-05
3.8e-07,-3.33220303280811e-05
3.83333333333333e-07,-1.72097165234795e-05
3.86666666666667e-07,2.43560713424618e-05
3.9e-07,5.11404724966752e-05
3.93333333333333e-07,2.93643785983699e-05
3.96666666666667e-07,-2.79039257965343e-05
4e-07,-6.01729893457352e-05
4.03333333333333e-07,-3.03789710802914e-05
4.06666666666667e-07,4.43055555758768e-05
4.1e-07,8.65912715626402e-05
4.13333333333333e-07,4.55971503508062e-05
4.16666666666667e-07,-4.97615595192752e-05
4.2e-07,-0.000103189405068878
4.23333333333333e-07,-4.88892370704238e-05
4.26666666666667e-07,6.96019602964411e-05
4.3e-07,0.000141517570446779
4.33333333333333e-07,7.7509026004582e-05
4.36666666666667e-07,-8.11095262922288e-05
4.4e-07,-0.000176015154577551
4.43333333333333e-07,-8.88104824114518e-05
4.46666666666667e-07,0.000118763937858314
4.5e-07,0.000230210325754343
4.53333333333333e-07,0.000115099644380387
4.56666666666667e-07,-0.000139556470151002
4.6e-07,-0.000280192262570937
4.63333333333333e-07,-0.000138107866232987
4.66666666666667e-07,0.000180024340756167
4.7e-07,0.000354637911775717
4.73333333333333e-07,0.000173642862023063
4.76666666666667e-07,-0.000225540262927672
4.8e-07,-0.000442856119038715
4.83333333333333e-07,-0.000215196037457876
4.86666666666667e-07,0.000281025075863847
4.9e-07,0.000550285351467427
4.93333333333333e-07,0.00026404457296297
4.96666666666667e-07,-0.000361442339495657
5e-07,-0.000703638923816285
5.03333333333333e-07,-0.00034712196991902
5.06666666666667e-07,0.000451009711010966
5.1e-07,0.000906694206923696
5.13333333333333e-07,0.000454133164327352
5.16666666666667e-07,-0.000607092151311135
5.2e-07,-0.00125984948952936
5.23333333333333e-07,-0.000679948099788259
5.26666666666667e-07,0.000849282427538825
5.3e-07,0.00193093598103129
5.33333333333333e-07,0.00116104317027823
5.36666666666667e-07,-0.00164468645891734
5.4e-07,-0.0051209815872854
5.43333333333333e-07,-0.00738308279700329
5.46666666666667e-07,-0.00750167426096175
5.5e-07,-0.00620134145824118
5.53333333333333e-07,-0.00510707259300178
5.56666666666667e-07,-0.00518646392834808
5.6e-07,-0.00587933129264038
5.63333333333333e-07,-0.00559245577165954
5.66666666666667e-07,-0.00319531954018575
5.7e-07,0.000869908796386527
5.73333333333333e-07,0.00482793732448347
5.76666666666667e-07,0.00697292697717824
5.8e-07,0.00689827697132529
5.83333333333333e-07,0.00569747430689812
5.86666666666667e-07,0.00491469184873228
5.9e-07,0.00538130023265316
5.93333333333333e-07,0.00679729056150704
5.96666666666667e-07,0.00828989496036533
6e-07,0.00921514120255813
6.03333333333333e-07,0.00941539576351266
6.06666666666667e-07,0.00888396475273449
6.1e-07,0.007484772814458
6.13333333333333e-07,0.00502116132865281
6.16666666666667e-07,0.00173565176755685
6.2e-07,-0.00154008980540605
6.23333333333333e-07,-0.00384636642715462
6.26666666666667e-07,-0.00482165923101447
6.3e-07,-0.00504574097875875
6.33333333333333e-07,-0.00550706551495211
6.36666666666667e-07,-0.00665900121346684
6.4e-07,-0.00788401090483285
6.43333333333333e-07,-0.00794841360074322
6.46666666666667e-07,-0.00608000529631703
6.5e-07,-0.00271561032464927
6.53333333333333e-07,0.000749550927325598
6.56666666666667e-07,0.00298693377428444
6.6e-07,0.00365066203316545
6.63333333333333e-07,0.00351609722204051
6.66666666666667e-07,0.00372013149024687
6.7e-07,0.00489838349865639
6.73333333333333e-07,0.00680762925732956
6.76666666666667e-07,0.00865221574886021
6.8e-07,0.00967963882146637
6.83333333333333e-07,0.00957441528827209
6.86666666666667e-07,0.00852126145067816
6.9e-07,0.00699490252326847
6.93333333333333e-07,0.00554162053916079
6.96666666666667e-07,0.00453225323149095
7e-07,0.0039251674541853
7.03333333333333e-07,0.0031953159277231
7.06666666666667e-07,0.00150503133589316
7.1e-07,-0.00169826745595175
7.13333333333333e-07,-0.00607661019958966
7.16666666666667e-07,-0.01033037673151
7.2e-07,-0.0128911722948186
7.23333333333333e-07,-0.0129577268872575
7.26666666666667e-07,-0.0111093032450768
7.3e-07,-0.00885672566973858
7.33333333333333e-07,-0.00752570124086967
7.36666666666667e-07,-0.00725694811886717
7.4e-07,-0.00705217868013413
7.43333333333333e-07,-0.00570891764738121
7.46666666666667e-07,-0.00299016117142382
7.5e-07,0.000116904857207251
7.53333333333333e-07,0.00219097694285034
7.56666666666667e-07,0.00256641640156141
7.6e-07,0.00187882804528658
7.63333333333333e-07,0.00150837975976191
7.66666666666667e-07,0.00239547072872642
7.7e-07,0.00421781776840756
7.73333333333333e-07,0.00567456146455584
7.76666666666667e-07,0.00555223215830293
7.8e-07,0.00378745564956301
7.83333333333333e-07,0.00157106222993259
7.86666666666667e-07,0.00039261175649309
7.9e-07,0.00090843079247799
7.93333333333333e-07,0.00242752300058644
7.96666666666667e-07,0.00337273711416584
8e-07,0.00250963221300946
8.03333333333333e-07,-0.00022927633606864
8.06666666666667e-07,-0.00369664519148201
8.1e-07,-0.00638063324809396
8.13333333333333e-07,-0.00742950391319506
8.16666666666667e-07,-0.00710021168894754
8.2e-07,-0.00639693667447911
8.23333333333333e-07,-0.00619375920528789
8.26666666666667e-07,-0.00660138030536119
8.3e-07,-0.00699090190577837
8.33333333333333e-07,-0.00657184744952881
8.36666666666667e-07,-0.00505143137870579
8.4e-07,-0.00281590489667878
8.43333333333333e-07,-0.000563036172910935
8.46666666666667e-07,0.00134051822187873
8.5e-07,0.00311205710963495
8.53333333333333e-07,0.00524941136286703
8.56666666666667e-07,0.00793906481959504
8.6e-07,0.0106047865412326
8.63333333333333e-07,0.0121864904173265
8.66666666666667e-07,0.0118239046700607
8.7e-07,0.00953116122994423
8.73333333333333e-07,0.00626857876822936
8.76666666666667e-07,0.0033560755897906
8.8e-07,0.00168009207119877
8.83333333333333e-07,0.00114431155993093
8.86666666666667e-07,0.000883039324733457
8.9e-07,-3.28229003479243e-05
8.93333333333333e-07,-0.00194370845654216
8.96666666666667e-07,-0.00447186331356712
9e-07,-0.00685033439889278
9.03333333333333e-07,-0.00849305869499294
9.06666666666667e-07,-0.00927440606778116
9.1e-07,-0.00936019311098356
9.13333333333333e-07,-0.00888193909733632
9.16666666666667e-07,-0.00775313994069419
9.2e-07,-0.00585375376295153
9.23333333333333e-07,-0.00337630746712065
9.26666666666667e-07,-0.000867710640495527
9.3e-07,0.00106123576753287
9.33333333333333e-07,0.0022477232475308
9.36666666666667e-07,0.00312877721944307
9.4e-07,0.00441610474853976
9.43333333333333e-07,0.00640409365892901
9.46666666666667e-07,0.00849782056639567
9.5e-07,0.00948679773011598
9.53333333333333e-07,0.00843275038929925
9.56666666666667e-07,0.00554955755125635
9.6e-07,0.00233698071258452
9.63333333333333e-07,0.00063492225184175
9.66666666666667e-07,0.00137134688833597
9.7e-07,0.00376228586889673
9.73333333333333e-07,0.00579243259974109
9.76666666666667e-07,0.0055648628674549
9.8e-07,0.00256484315468338
9.83333333333333e-07,-0.00202719767494255
9.86666666666667e-07,-0.00631871002684913
9.9e-07,-0.0089748366315706
9.93333333333333e-07,-0.00992197642906953
9.96666666666667e-07,-0.0099894349972105
1e-06,-0.00986686486367275
1.00333333333333e-06,-0.00943256402320893
1.00666666666667e-06,-0.00804035382404964
1.01e-06,-0.00534987229682495
1.01333333333333e-06,-0.00201733707718617
1.01666666666667e-06,0.00062313438425566
1.02e-06,0.00157433094364271
1.02333333333333e-06,0.0011124490225892
1.02666666666667e-06,0.000682582741595699
1.03e-06,0.00178615866502268
1.03333333333333e-06,0.00472707653424507
1.03666666666667e-06,0.00830856463047645
1.04e-06,0.0106665783137611
1.04333333333333e-06,0.0106981075311757
1.04666666666667e-06,0.00879889317031336
1.05e-06,0.00647985449668231
1.05333333333333e-06,0.00513053192035782
1.05666666666667e-06,0.00494201945166108
1.06e-06,0.00490980433793535
1.06333333333333e-06,0.00378484587413043
1.06666666666667e-06,0.00112640878443255
1.07e-06,-0.0023188856642998
1.07333333333333e-06,-0.0052363677779264
1.07666666666667e-06,-0.00666862734382805
1.08e-06,-0.00661266267704948
1.08333333333333e-06,-0.0059232629216957
1.08666666666667e-06,-0.00565965756185375
1.09e-06,-0.00643050431038109
1.09333333333333e-06,-0.00813863740720085
1.09666666666667e-06,-0.0100487404829294
1.1e-06,-0.0111006279642799
1.10333333333333e-06,-0.0103272765160796
1.10666666666667e-06,-0.00733865750091372
1.11e-06,-0.00265634615946588
1.11333333333333e-06,0.0023756672000993
1.11666666666667e-06,0.00613352993069759
1.12e-06,0.00768273501742069
1.12333333333333e-06,0.00735814865132133
1.12666666666667e-06,0.00654748465773122
1.13e-06,0.00665172354211912
1.13333333333333e-06,0.00794231213578387
1.13666666666667e-06,0.00935073158540442
1.14e-06,0.00936069421568137
1.14333333333333e-06,0.00730016817481729
1.14666666666667e-06,0.00403130130351013
1.15e-06,0.0012844376099098
1.15333333333333e-06,0.000187909365392494
1.15666666666667e-06,0.000274133767225236
1.16e-06,-0.000200267514031609
1.16333333333333e-06,-0.00272564610651829
1.16666666666667e-06,-0.00713365260253938
1.17e-06,-0.0114634620657378
1.17333333333333e-06,-0.0134309285987949
1.17666666666667e-06,-0.0121387600412987
1.18e-06,-0.0088140558323898
1.18333333333333e-06,-0.00588209223626529
1.18666666666667e-06,-0.0051028522481713
1.19e-06,-0.00630992721375739
1.19333333333333e-06,-0.00764980379477513
1.19666666666667e-06,-0.00711656106412239
1.2e-06,-0.0040436272616831
1.20333333333333e-06,0.000505240249012779
1.20666666666667e-06,0.00471127299135889
1.21e-06,0.00728903017682308
1.21333333333333e-06,0.00820190547839058
1.21666666666667e-06,0.00832441783803213
1.22e-06,0.0084563331561795
1.22333333333333e-06,0.00863431848279054
1.22666666666667e-06,0.00827325185399639
1.23e-06,0.0068097622655968
1.23333333333333e-06,0.00426290054860195
1.23666666666667e-06,0.00129620285468845
1.24e-06,-0.00122222166534185
1.24333333333333e-06,-0.00278101862206321
1.24666666666667e-06,-0.00344860888841475
1.25e-06,-0.00370284565696016
1.25333333333333e-06,-0.00408551115620055
1.25666666666667e-06,-0.00488626599571425
1.26e-06,-0.00603898816507021
1.26333333333333e-06,-0.0071935972829995
1.26666666666667e-06,-0.00789141348855403
1.27e-06,-0.00777920138504557
1.27333333333333e-06,-0.00676055414308638
1.27666666666667e-06,-0.00513022350345883
1.28e-06,-0.00343584352525419
1.28333333333333e-06,-0.00216472549139136
1.28666666666667e-06,-0.00142376169349618
1.29e-06,-0.000748863005008234
1.29333333333333e-06,0.000610041165729203
1.29666666666667e-06,0.00313461754272283
1.3e-06,0.00650242621678368
1.30333333333333e-06,0.00957455755478654
1.30666666666667e-06,0.0109244423884716
1.31e-06,0.00965191329483014
1.31333333333333e-06,0.00606657279068561
1.31666666666667e-06,0.00167148281586252
1.32e-06,-0.00165284041911286
1.32333333333333e-06,-0.00268696130421023
1.32666666666667e-06,-0.00154170566130912
1.33e-06,0.000398980720093307
1.33333333333333e-06,0.00136562522633343
1.33666666666667e-06,0.000326071558671278
1.34e-06,-0.00248815920566006
1.34333333333333e-06,-0.00580494233423396
1.34666666666667e-06,-0.00827093937226625
1.35e-06,-0.00932452506225584
1.35333333333333e-06,-0.00936491270805135
1.35666666666667e-06,-0.00929244469643088
1.36e-06,-0.00968069598062327
1.36333333333333e-06,-0.0103240320061211
1.36666666666667e-06,-0.0104722492719692
1.37e-06,-0.00952423372918556
1.37333333333333e-06,-0.00749885267830048
1.37666666666667e-06,-0.00497050052015157
1.38e-06,-0.00253981045478313
1.38333333333333e-06,-0.000388089567849343
1.38666666666667e-06,0.00171554455193644
1.39e-06,0.00393257735877874
1.39333333333333e-06,0.00596768052663361
1.39666666666667e-06,0.007094838459263
1.4e-06,0.00677029292653924
1.40333333333333e-06,0.00512456598753655
1.40666666666667e-06,0.00299942807901885
1.41e-06,0.0014618880358739
1.41333333333333e-06,0.00105090829637162
1.41666666666667e-06,0.00155349598083019
1.42e-06,0.00227892938526291
1.42333333333333e-06,0.0025937907021496
1.42666666666667e-06,0.00228502181770968
1.43e-06,0.00143252174482529
1.43333333333333e-06,0.000113898050231036
1.43666666666667e-06,-0.00167959758156248
1.44e-06,-0.00388421427387229
1.44333333333333e-06,-0.00615484527980882
1.44666666666667e-06,-0.00790538184687987
1.45e-06,-0.00871906796452519
1.45333333333333e-06,-0.00866722050176423
1.45666666666667e-06,-0.00821238200012072
1.46e-06,-0.0077412066541284
1.46333333333333e-06,-0.00707975543569493
1.46666666666667e-06,-0.00552837386788153
1.47e-06,-0.00250904123682352
1.47333333333333e-06,0.00183367988037147
1.47666666666667e-06,0.00648733631012599
1.48e-06,0.0100743783138204
1.48333333333333e-06,0.0116096547449736
1.48666666666667e-06,0.0109639776693826
1.49e-06,0.00875299901271629
1.49333333333333e-06,0.00584246054953894
1.49666666666667e-06,0.00304741048396116
1.5e-06,0.000957181293145923
1.50333333333333e-06,1.86436452169479e-05
1.50666666666667e-06,0.00036175963376797
1.51e-06,0.0015900355861259
1.51333333333333e-06,0.0027801020521329
1.51666666666667e-06,0.00289468122986591
1.52e-06,0.00145061836438889
1.52333333333333e-06,-0.00115509888424763
1.52666666666667e-06,-0.0038772029787935
1.53e-06,-0.00581841540211067
1.53333333333333e-06,-0.00675608520972226
1.53666666666667e-06,-0.00707607481813116
1.54e-06,-0.00717517450936141
1.54333333333333e-06,-0.00701158119288649
1.54666666666667e-06,-0.00621521103662012
1.55e-06,-0.00468651414521602
1.55333333333333e-06,-0.00292199016405807
1.55666666666667e-06,-0.00173088555612379
1.56e-06,-0.00145459371018609
1.56333333333333e-06,-0.00151134937434565
1.56666666666667e-06,-0.000775508463707457
1.57e-06,0.00145268593552359
1.57333333333333e-06,0.00475791521762425
1.57666666666667e-06,0.00782950271393526
1.58e-06,0.00949892373823468
1.58333333333333e-06,0.00963947710471265
1.58666666666667e-06,0.00909733570415602
1.59e-06,0.00875859523928793
1.59333333333333e-06,0.00864159614115445
1.59666666666667e-06,0.00788776348733263
1.6e-06,0.00565332239181346
1.60333333333333e-06,0.00208806636514359
1.60666666666667e-06,-0.00157584249796754
1.61e-06,-0.00396264771440688
1.61333333333333e-06,-0.00464767485945707
1.61666666666667e-06,-0.00446486526285365
1.62e-06,-0.00472816290361491
1.62333333333333e-06,-0.00609231415865761
1.62666666666667e-06,-0.00799123354568345
1.63e-06,-0.00919326620237552
1.63333333333333e-06,-0.00879863647383968
1.63666666666667e-06,-0.00690940149498194
1.64e-06,-0.00442975116451754
1.64333333333333e-06,-0.00224055662613198
1.64666666666667e-06,-0.000614062019588677
1.65e-06,0.000783526118478723
1.65333333333333e-06,0.00239081483780805
1.65666666666667e-06,0.00426027707487491
1.66e-06,0.00603926826060235
1.66333333333333e-06,0.00736574203824488
1.66666666666667e-06,0.00817629245469703
1.67e-06,0.00865495734889743
1.67333333333333e-06,0.00899908347333357
1.67666666666667e-06,0.00913311108541535
1.68e-06,0.0087052935175056
1.68333333333333e-06,0.00732673364631889
1.68666666666667e-06,0.00484349637669312
1.69e-06,0.00149723047230517
1.69333333333333e-06,-0.00209757842432954
1.69666666666667e-06,-0.00512512894084308
1.7e-06,-0.00688945740184468
1.70333333333333e-06,-0.00716024847878164
1.70666666666667e-06,-0.00632703590053306
1.71e-06,-0.00519490960846178
1.71333333333333e-06,-0.00447690764038454
1.71666666666667e-06,-0.00429766624012709
1.72e-06,-0.00420797314986273
1.72333333333333e-06,-0.00366279829009749
1.72666666666667e-06,-0.00261264660883488
1.73e-06,-0.00161339857243164
1.73333333333333e-06,-0.00133226706933757
1.73666666666667e-06,-0.00176042846922308
1.74e-06,-0.00194312926236794
1.74333333333333e-06,-0.000659757035655489
1.74666666666667e-06,0.0024249074827012
1.75e-06,0.00626949481148252
1.75333333333333e-06,0.00898970097838925
1.75666666666667e-06,0.00925761947161736
1.76e-06,0.00741555093824313
1.76333333333333e-06,0.00531246932393392
1.76666666666667e-06,0.00483772044597878
1.77e-06,0.00646285650684677
1.77333333333333e-06,0.00882464276102162
1.77666666666667e-06,0.00983361958212805
1.78e-06,0.00830854575014337
1.78333333333333e-06,0.00479034600903697
1.78666666666667e-06,0.00101022320015636
1.79e-06,-0.00150721700888595
1.79333333333333e-06,-0.00251993511917014
1.79666666666667e-06,-0.00296151564367328
1.8e-06,-0.00389829303497375
1.80333333333333e-06,-0.00556765524645521
1.80666666666667e-06,-0.00727000155472571
1.81e-06,-0.00806057023386662
1.81333333333333e-06,-0.00754522549512042
1.81666666666667e-06,-0.00611787337125405
1.82e-06,-0.00445448851266862
1.82333333333333e-06,-0.00289921637194967
1.82666666666667e-06,-0.00123651614070988
1.83e-06,0.000926106974647826
1.83333333333333e-06,0.00365342806776168
1.83666666666667e-06,0.00647177118930814
1.84e-06,0.00858403777909493
1.84333333333333e-06,0.00935555071498404
1.84666666666667e-06,0.0086721221714741
1.85e-06,0.00696081669812326
1.85333333333333e-06,0.00498410998980306
1.85666666666667e-06,0.00349612004819061
1.86e-06,0.00289196583034285
1.86333333333333e-06,0.00306828471116873
1.86666666666667e-06,0.00347403429148831
1.87e-06,0.00344476694461048
1.87333333333333e-06,0.00259715798558652
1.87666666666667e-06,0.00107583309265299
1.88e-06,-0.000559211055207624
1.88333333333333e-06,-0.00180524075065426
1.88666666666667e-06,-0.00265247765339576
1.89e-06,-0.0034866703368092
1.89333333333333e-06,-0.00462641631797308
1.89666666666667e-06,-0.00592384017305971
1.9e-06,-0.00675480775221065
1.90333333333333e-06,-0.00654925789376068
1.90666666666667e-06,-0.00537664185644939
1.91e-06,-0.00392757330864742
1.91333333333333e-06,-0.00291830886070027
1.91666666666667e-06,-0.00236654674168947
1.92e-06,-0.00157038779197188
1.92333333333333e-06,0.000294909405347413
1.92666666666667e-06,0.00320706206136623
1.93e-06,0.0061248322586236
1.93333333333333e-06,0.00764732065701658
1.93666666666667e-06,0.00715804986608262
1.94e-06,0.00534981417010468
1.94333333333333e-06,0.00376012437386501
1.94666666666667e-06,0.00357433127675115
1.95e-06,0.0047959686167763
1.95333333333333e-06,0.00637546565667605
1.95666666666667e-06,0.0070784227136803
1.96e-06,0.00636872697969759
1.96333333333333e-06,0.00456680709909252
1.96666666666667e-06,0.00233631627044756
1.97e-06,0.000126543742800554
1.97333333333333e-06,-0.00191486801957699
1.97666666666667e-06,-0.00362983886414321
1.98e-06,-0.00471034836886865
1.98333333333333e-06,-0.00494782118231146
1.98666666666667e-06,-0.00463578062085404
1.99e-06,-0.00454055248053106
1.99333333333333e-06,-0.00526241405400555
1.99666666666667e-06,-0.00649296945409813
2e-06,-0.0069735754852996
2.00333333333333e-06,-0.00539013530692564
2.00666666666667e-06,-0.00157002040622737
2.01e-06,0.0031099871071681
2.01333333333333e-06,0.0065575897101032
2.01666666666667e-06,0.00750086473240555
2.02e-06,0.00647320758666958
2.02333333333333e-06,0.00530412370356024
2.02666666666667e-06,0.00554130100040546
2.03e-06,0.00719072803410751
2.03333333333333e-06,0.00871025281943265
2.03666666666667e-06,0.00835172125383792
2.04e-06,0.00568710844276134
2.04333333333333e-06,0.00201737507657761
2.04666666666667e-06,-0.000674865962842119
2.05e-06,-0.00118878113634354
2.05333333333333e-06,7.13868201961642e-05
2.05666666666667e-06,0.00154029456549201
2.06e-06,0.00172452181397279
2.06333333333333e-06,0.000120052395882091
2.06666666666667e-06,-0.0027284788756819
2.07e-06,-0.00576926769188325
2.07333333333333e-06,-0.0081285789732783
2.07666666666667e-06,-0.00925835409486036
2.08e-06,-0.00893483392017611
2.08333333333333e-06,-0.0072103238055446
2.08666666666667e-06,-0.0045616503041239
2.09e-06,-0.0018914948910916
2.09333333333333e-06,-0.000179649961656087
2.09666666666667e-06,0.000222853040129219
2.1e-06,-6.01358569676487e-05
2.10333333333333e-06,0.000177242960076036
2.10666666666667e-06,0.00175794695504265
2.11e-06,0.00439766956786385
2.11333333333333e-06,0.00682639957304598
2.11666666666667e-06,0.00786353686869414
2.12e-06,0.00740362131530503
2.12333333333333e-06,0.00658139561312788
2.12666666666667e-06,0.00675890301630263
2.13e-06,0.00826421396746691
2.13333333333333e-06,0.00998489157288358
2.13666666666667e-06,0.0101239240057776
2.14e-06,0.00767604332574657
2.14333333333333e-06,0.00332934164206617
2.14666666666667e-06,-0.00102230018686526
2.15e-06,-0.00365368494012121
2.15333333333333e-06,-0.00427217578919388
2.15666666666667e-06,-0.00409424632303507
2.16e-06,-0.00480225517192004
2.16333333333333e-06,-0.00709809128642977
2.16666666666667e-06,-0.0101967498596749
2.17e-06,-0.0124681789125516
2.17333333333333e-06,-0.0126472430628499
2.17666666666667e-06,-0.0106820534940934
2.18e-06,-0.00751100342053473
2.18333333333333e-06,-0.00419843444570271
2.18666666666667e-06,-0.0011450392636359
2.19e-06,0.00190868924382305
2.19333333333333e-06,0.00518502409166116
2.19666666666667e-06,0.00821261477348893
2.2e-06,0.00987567148349046
2.20333333333333e-06,0.0092489469274513
2.20666666666667e-06,0.00655041911335216
2.21e-06,0.00328203061741718
2.21333333333333e-06,0.00141688912473227
2.21666666666667e-06,0.00202415354938273
2.22e-06,0.00447014404642487
2.22333333333333e-06,0.00676286920326052
2.22666666666667e-06,0.00698768080647595
2.23e-06,0.00463390569834686
2.23333333333333e-06,0.000881170433231232
2.23666666666667e-06,-0.00231946054344439
2.24e-06,-0.00371635580446744
2.24333333333333e-06,-0.00355178571921587
2.24666666666667e-06,-0.00315546618018628
2.25e-06,-0.00370331829862877
2.25333333333333e-06,-0.00523725606218
2.25666666666667e-06,-0.00664869332715815
2.26e-06,-0.00663610510514634
2.26333333333333e-06,-0.00478023611634061
2.26666666666667e-06,-0.00185994077624449
2.27e-06,0.000783181569356709
2.27333333333333e-06,0.00223399648876614
2.27666666666667e-06,0.00253172645341386
2.28e-06,0.00243359436431549
2.28333333333333e-06,0.00265566718588288
2.28666666666667e-06,0.00336617295328404
2.29e-06,0.00427746138934661
2.29333333333333e-06,0.00505610907867617
2.29666666666667e-06,0.0056817625361906
2.3e-06,0.00637333132608486
2.30333333333333e-06,0.0073074604834128
2.30666666666667e-06,0.00833281772089649
2.31e-06,0.00904424741891325
2.31333333333333e-06,0.00905875904378293
2.31666666666667e-06,0.00828081608462578
2.32e-06,0.00686541229496238
2.32333333333333e-06,0.00508532935405039
2.32666666666667e-06,0.00311187747961765
2.33e-06,0.00108369876011812
2.33333333333333e-06,-0.000897474729416409
2.33666666666667e-06,-0.00269666935813289
2.34e-06,-0.00424294941560493
2.34333333333333e-06,-0.00551795065612684
2.34666666666667e-06,-0.00654949622475632
2.35e-06,-0.00720975076973345
2.35333333333333e-06,-0.00725086513558873
2.35666666666667e-06,-0.00638252682676095
2.36e-06,-0.0045260740778983
2.36333333333333e-06,-0.00193299901016242
2.36666666666667e-06,0.000831695734904054
2.37e-06,0.00313008076389798
2.37333333333333e-06,0.00451933775548537
2.37666666666667e-06,0.00496941353781179
2.38e-06,0.00484244975121414
2.38333333333333e-06,0.00478851156513717
2.38666666666667e-06,0.00543762551008714
2.39e-06,0.00707819413419897
2.39333333333333e-06,0.00934649161919439
2.39666666666667e-06,0.0113221759268547
2.4e-06,0.0119204590035434
2.40333333333333e-06,0.0105243137496053
2.40666666666667e-06,0.00738948490887154
2.41e-06,0.00361808179337307
2.41333333333333e-06,0.000476524965121908
2.41666666666667e-06,-0.00129706267153737
2.42e-06,-0.00188046172137745
2.42333333333333e-06,-0.00207936047622473
2.42666666666667e-06,-0.00263695001044784
2.43e-06,-0.00376526722367931
2.43333333333333e-06,-0.00506413969031137
2.43666666666667e-06,-0.00595452749786963
2.44e-06,-0.00614743626575859
2.44333333333333e-06,-0.00576144874730289
2.44666666666667e-06,-0.00507442670502608
2.45e-06,-0.00425210117268597
2.45333333333333e-06,-0.00322097114042647
2.45666666666667e-06,-0.00182966789377837
2.46e-06,-0.000125450979044854
2.46333333333333e-06,0.0016374675403482
2.46666666666667e-06,0.00317276143498833
2.47e-06,0.00438936153615627
2.47333333333333e-06,0.00543299350207395
2.47666666666667e-06,0.0065107631471257
2.48e-06,0.00762523653554574
2.48333333333333e-06,0.0085302671516903
2.48666666666667e-06,0.00886818443509036
2.49e-06,0.00845867918589415
2.49333333333333e-06,0.00738204526913476
2.49666666666667e-06,0.00584931268555782
2.5e-06,0.00396110692546405
2.50333333333333e-06,0.0016471888086355
2.50666666666667e-06,-0.00113581349194687
2.51e-06,-0.00407428298641291
2.51333333333333e-06,-0.00645201640290079
2.51666666666667e-06,-0.00749180259801584
2.52e-06,-0.00701334521317225
2.52333333333333e-06,-0.00570786909967581
2.52666666666667e-06,-0.00482784039651791
2.53e-06,-0.00527139143336208
2.53333333333333e-06,-0.00678576308343705
2.53666666666667e-06,-0.00801623828720727
2.54e-06,-0.00749271823703925
2.54333333333333e-06,-0.00482508597505655
2.54666666666667e-06,-0.00117390166593845
2.55e-06,0.00160497695570778
2.55333333333333e-06,0.00242134062042656
2.55666666666667e-06,0.00187434605751913
2.56e-06,0.00178168935981841
2.56333333333333e-06,0.00352212354376953
2.56666666666667e-06,0.00677261295934212
2.57e-06,0.00959003230494115
2.57333333333333e-06,0.01000407901177
2.57666666666667e-06,0.00776052772487942
2.58e-06,0.00463170251628948
2.58333333333333e-06,0.00296871438711147
2.58666666666667e-06,0.00363942754488483
2.59e-06,0.00527242438468486
2.59333333333333e-06,0.00533655001432954
2.59666666666667e-06,0.0023997299074796
2.6e-06,-0.00252979580999126
2.60333333333333e-06,-0.00675985547768943
2.60666666666667e-06,-0.00802525500170868
2.61e-06,-0.00637520646145639
2.61333333333333e-06,-0.00402367894603796
2.61666666666667e-06,-0.00347481918999271
2.62e-06,-0.00547685362741828
2.62333333333333e-06,-0.00855009023456921
2.62666666666667e-06,-0.010271967099342
2.63e-06,-0.00920078840497961
2.63333333333333e-06,-0.00582319131746057
2.63666666666667e-06,-0.00193204143000348
2.64e-06,0.000927794415471263
2.64333333333333e-06,0.00235494004496965
2.64666666666667e-06,0.00295389753482964
2.65e-06,0.00342844581293505
2.65333333333333e-06,0.0039726337420426
2.65666666666667e-06,0.00430739360306374
2.66e-06,0.00421967556695577
2.66333333333333e-06,0.0038050577947421
2.66666666666667e-06,0.00329560487241474
2.67e-06,0.00272422833604146
2.67333333333333e-06,0.00190036588690054
2.67666666666667e-06,0.000796215940866309
2.68e-06,-0.000267352572800593
2.68333333333333e-06,-0.000800241431253936
2.68666666666667e-06,-0.000779460240923218
2.69e-06,-0.000884352818969384
2.69333333333333e-06,-0.00205409597780141
2.69666666666667e-06,-0.00465221116153494
2.7e-06,-0.00793190626749585
2.70333333333333e-06,-0.0104620054252523
2.70666666666667e-06,-0.0112049523715026
2.71e-06,-0.0102693342875325
2.71333333333333e-06,-0.00869575644597003
2.71666666666667e-06,-0.00748991508677144
2.72e-06,-0.00671600802251027
2.72333333333333e-06,-0.00550047734031372
2.72666666666667e-06,-0.0029256087740758
2.73e-06,0.00101536480126532
2.73333333333333e-06,0.00521403351933886
2.73666666666667e-06,0.00821292983722658
2.74e-06,0.00917940150125415
2.74333333333333e-06,0.00833719475399583
2.74666666666667e-06,0.00660360888886876
2.75e-06,0.00485866432379415
2.75333333333333e-06,0.00350290250641033
2.75666666666667e-06,0.00261254280339679
2.76e-06,0.00216064802585385
2.76333333333333e-06,0.00211169084608373
2.76666666666667e-06,0.0022781211927656
2.77e-06,0.00224339270625842
2.77333333333333e-06,0.00154172270040651
2.77666666666667e-06,0.000122393091782343
2.78e-06,-0.00147790254699036
2.78333333333333e-06,-0.00240575865884105
2.78666666666667e-06,-0.00215483607154883
2.79e-06,-0.00100496599264385
2.79333333333333e-06,2.41047997711468e-05
2.79666666666667e-06,-0.000178060979732151
2.8e-06,-0.0021052354654592
2.80333333333333e-06,-0.00530377352141407
2.80666666666667e-06,-0.00855519332602478
2.81e-06,-0.010390904828879
2.81333333333333e-06,-0.00968919153169601
2.81666666666667e-06,-0.00615020709900693
2.82e-06,-0.000582361657209594
2.82333333333333e-06,0.00527410139822605
2.82666666666667e-06,0.00940527410344258
2.83e-06,0.0105591326421085
2.83333333333333e-06,0.0090171229041206
2.83666666666667e-06,0.00653981999083539
2.84e-06,0.00521572870654291
2.84333333333333e-06,0.00603942488915557
2.84666666666667e-06,0.00814970471087591
2.85e-06,0.00939395172995583
2.85333333333333e-06,0.00790356581702124
2.85666666666667e-06,0.0035343419698145
2.86e-06,-0.00193588943754984
2.86333333333333e-06,-0.00616248194543148
2.86666666666667e-06,-0.00784116976974256
2.87e-06,-0.00751986262753839
2.87333333333333e-06,-0.00687057917358856
2.87666666666667e-06,-0.00717046784254713
2.88e-06,-0.00828691072145642
2.88333333333333e-06,-0.00893988292722929
2.88666666666667e-06,-0.00796888701930472
2.89e-06,-0.005454977465583
2.89333333333333e-06,-0.00273842200419723
2.89666666666667e-06,-0.00133552319831618
2.9e-06,-0.00174235162912133
2.90333333333333e-06,-0.00305170228948344
2.90666666666667e-06,-0.0037188228139285
2.91e-06,-0.00273154389098011
2.91333333333333e-06,-0.000268238325685861
2.91666666666667e-06,0.00270256974993977
2.92e-06,0.00529508428923197
2.92333333333333e-06,0.00728760911086351
2.92666666666667e-06,0.00893675488743444
2.93e-06,0.0103530704540457
2.93333333333333e-06,0.0111356423375845
2.93666666666667e-06,0.010710558950364
2.94e-06,0.00897685096620111
2.94333333333333e-06,0.00664200626094569
2.94666666666667e-06,0.00472270370765779
2.95e-06,0.00367509139721988
2.95333333333333e-06,0.00291473998804299
2.95666666666667e-06,0.00125162246436911
2.96e-06,-0.00192242093523656
2.96333333333333e-06,-0.00587626240157651
2.96666666666667e-06,-0.0088583435656464
2.97e-06,-0.00946411916837126
2.97333333333333e-06,-0.00782413584035921
2.97666666666667e-06,-0.00566384448110336
2.98e-06,-0.00492053055906638
2.98333333333333e-06,-0.00619505782915868
2.98666666666667e-06,-0.00817916881126762
2.99e-06,-0.00871564909107795
2.99333333333333e-06,-0.00663544099934026
2.99666666666667e-06,-0.00279541625645961
